0.91 0.82 0.05 4
0.91 0.09 0.26 1
0.89 0.90 0.18 4
0.82 0.04 0.08 1
0.19 0.91 0.00 2
0.20 0.17 0.90 3
0.10 0.97 0.00 2
0.22 0.97 0.03 2
0.20 0.20 0.89 3
0.03 0.97 0.21 2
0.92 0.28 0.26 1
0.00 0.10 0.86 3
0.12 0.17 0.91 3
0.94 0.15 0.06 1
0.81 0.25 0.09 1
0.00 0.04 0.88 3
0.83 0.95 0.08 4
0.84 0.93 0.06 4
0.19 0.17 0.88 3
0.03 0.21 0.93 3
0.42 0.89 0.24 2
0.15 0.25 0.90 3
0.86 0.99 0.19 4
0.29 0.86 0.10 2
0.89 0.84 0.28 4
0.82 0.08 0.13 1
0.87 0.16 0.17 1
0.25 0.37 0.85 3
0.90 0.10 0.01 1
0.08 0.03 0.87 3
0.99 0.92 0.00 4
0.88 0.89 0.28 4
0.91 0.00 0.08 1
0.01 0.24 0.95 3
0.86 0.00 0.18 1
0.89 0.12 0.21 1
0.90 0.88 0.36 4
0.22 0.25 0.90 3
0.30 0.95 0.16 2
0.19 0.00 0.85 3
0.09 0.02 0.95 3
0.88 0.82 0.08 4
0.91 0.15 0.04 1
0.95 0.85 0.07 4
0.34 0.88 0.22 2
0.88 0.89 0.28 4
0.87 0.18 0.22 1
0.83 0.92 0.11 4
0.86 0.34 0.00 1
0.00 0.25 0.92 3
0.81 0.24 0.20 1
0.27 0.89 0.07 2
0.98 0.16 0.27 1
0.90 0.28 0.05 1
0.23 0.28 0.90 3
0.17 0.08 0.93 3
0.88 0.90 0.18 4
0.95 0.93 0.00 4
0.12 0.10 0.82 3
0.03 0.86 0.19 2
0.93 0.26 0.29 1
0.99 0.91 0.01 4
0.16 0.14 0.89 3
0.93 0.24 0.24 1
0.92 0.91 0.00 4
0.91 0.22 0.26 1
0.11 0.79 0.12 2
0.91 0.14 0.02 1
0.37 0.98 0.25 2
0.14 0.86 0.16 2
0.91 0.18 0.30 1
0.93 0.20 0.08 1
0.99 0.87 0.09 4
0.13 0.90 0.20 2
0.90 0.29 0.03 1
0.77 0.00 0.25 1
0.15 0.17 0.89 3
0.85 0.18 0.10 1
0.14 0.85 0.17 2
0.21 0.21 0.90 3
0.11 0.90 0.00 2
0.89 0.84 0.18 4
0.01 0.30 0.85 3
0.21 0.94 0.13 2
0.14 0.94 0.08 2
0.86 0.89 0.21 4
0.06 0.20 0.95 3
0.86 0.78 0.26 4
0.19 1.00 0.21 2
0.21 0.09 0.89 3
0.86 0.93 0.22 4
0.08 0.83 0.21 2
0.26 0.87 0.12 2
0.84 0.13 0.17 1
0.90 0.28 0.16 1
0.82 0.97 0.12 4
0.11 0.95 0.13 2
0.94 0.94 0.16 4
0.17 0.86 0.11 2
0.91 0.89 0.01 4
0.94 0.90 0.18 4
0.00 0.83 0.21 2
0.18 0.87 0.27 2
0.90 0.26 0.09 1
0.14 0.90 0.04 2
0.86 0.20 0.00 1
0.09 0.12 0.87 3
0.97 0.02 0.13 1
0.91 0.19 0.14 1